0 16 0 1413160146 1924894602 1586731106 3101173442
0 16 1 3649584851 3940766902 3039198998 217097334
0 16 2 726659486 824592600 389135720 3169660680
0 16 3 4058754020 2768597003 2124007167 1449337567
0 16 4 2195104875 1902617497 165781453 374416877
0 16 5 1413763708 2278232099 192374151 3536375399
0 16 6 1065839708 14848252 2953846868 3162482292
0 16 7 1248897061 3140772684 3401212900 579111236
0 17 0 339282765 3054766577 926925461 3707450421
0 17 1 1528349150 1235733421 2908965481 3542058377
0 17 2 103966729 3581283059 1818455255 304012919
0 17 3 744410389 2102082312 3861140824 1080615864
0 17 4 3847094804 3854052248 2055961000 541518664
0 17 5 1525666889 3083851442 1889421466 416555834
0 17 6 803714443 4062758789 1686483025 3159348657
0 17 7 3405992684 2338995669 1313004129 116434945
0 18 0 564642783 2889474990 468609624 2655145597
0 18 1 3823778598 1414232674 1029865096 856708551
0 18 2 2722456595 2090975177 281499197 3214087865
0 18 3 456283113 4161163866 2068057204 3530955644
0 18 4 2239821678 1455157295 2390638328 3141110398
0 18 5 1289359169 4029620373 2330225426 3698809716
0 18 6 203526761 1424040258 668277547 3579925298
0 18 7 895103712 3940281778 1838523455 1362156578
0 19 0 1063146165 3417632760 1715834518 1405057755
0 19 1 672869466 3923748660 685195459 2512962017
0 19 2 1790076525 3638557786 1956702049 3683504390
0 19 3 1018481701 1772168265 1740099551 190886466
0 19 4 1075384540 406986134 3394166901 4086382016
0 19 5 2173964853 4034187436 1977182291 2898144177
0 19 6 815356143 1580010579 2032153290 3848146142
0 19 7 3480111868 2965038467 851574582 216723631
0 20 0 619080864 4127285697 619515959 1440929548
0 20 1 2157793817 478309445 3980820903 2745700074
0 20 2 2451116592 2916414271 1574673734 287142666
0 20 3 864472986 1822040542 3998506893 1390017378
0 20 4 2129794697 424260723 2132019955 165681524
0 20 5 727368542 1828398397 1153534551 3760941312
0 20 6 420931650 3673285324 1901899990 188627674
0 20 7 1372222699 3269398716 3053551834 3149676402
0 21 0 3829919918 2101170198 2083819626 1052861742
0 21 1 1411399581 4205035074 184785303 181954707
0 21 2 2269969090 2930093916 3989198709 4188723651
0 21 3 2319497126 2211210905 3647934781 3081481904
0 21 4 3051476639 76129278 2022110147 3880510362
0 21 5 4223163474 1333765833 3886020293 2369949171
0 21 6 3991298824 689326504 3233348546 1590291486
0 21 7 1052517447 339681688 696098534 2782161871
0 22 0 1681876388 646947562 2289716858 848086767
0 22 1 4013772053 1342360934 3280990218 230826313
0 22 2 1440300288 45194640 1770508837 2096762126
0 22 3 3794853570 2066018029 1357639230 3895885369
0 22 4 3952247309 1119769674 2466765935 58718922
0 22 5 1239404986 3980978872 2374876305 3948870712
0 22 6 3428954066 2175123316 654246407 1762335694
0 22 7 2598610003 495104676 2537924627 2898499262
0 23 0 973216470 155014695 4123054312 1949220161
0 23 1 2087671089 813817515 4066796259 238751187
0 23 2 3187277134 65262649 3500768273 2905866083
0 23 3 1421973942 3832669148 72175239 1482958646
0 23 4 2467940903 1009590566 1500433588 1220902016
0 23 5 2887815494 3878076148 4157548922 106432363
0 23 6 542496196 3388068933 1906879389 2079488022
0 23 7 62015895 3009290656 536362713 3625130913
0 24 0 2398313534 42246046 2398313534 42246046
0 24 1 1887426935 3401869271 1887426935 3401869271
0 24 2 2018504206 1246392494 2018504206 1246392494
0 24 3 1048361924 3870463588 1048361924 3870463588
0 24 4 2025805239 3540247575 2025805239 3540247575
0 24 5 2547893328 2339257904 2547893328 2339257904
0 24 6 1268212236 2741077868 1268212236 2741077868
0 24 7 338882805 1069417813 338882805 1069417813
0 25 0 77153843 2955120915 77153843 2955120915
0 25 1 3010522368 3219157792 3010522368 3219157792
0 25 2 1595191067 3109633403 1595191067 3109633403
0 25 3 2231861503 1557191903 2231861503 1557191903
0 25 4 1781328226 3295770562 1781328226 3295770562
0 25 5 3656446255 2281022735 3656446255 2281022735
0 25 6 3143424401 362899441 3143424401 362899441
0 25 7 2676169070 4149034702 2676169070 4149034702
0 26 0 4254865277 3621772381 4254865277 3621772381
0 26 1 1618314600 103872264 1618314600 103872264
0 26 2 1451721181 2084814077 1451721181 2084814077
0 26 3 3243661659 887594171 3243661659 887594171
0 26 4 2248146692 309246884 2248146692 309246884
0 26 5 3608516327 264515079 3608516327 264515079
0 26 6 2342713839 1709620943 2342713839 1709620943
0 26 7 1315981434 2088093146 1315981434 2088093146
0 27 0 2456691943 3407657991 2456691943 3407657991
0 27 1 2057180608 2690273504 2057180608 2690273504
0 27 2 505838739 1922838963 505838739 1922838963
0 27 3 4150473131 1794405643 4150473131 1794405643
0 27 4 2612599014 4127041350 2612599014 4127041350
0 27 5 4148282975 527985279 4148282975 527985279
0 27 6 3744226521 2368803001 3744226521 2368803001
0 27 7 4046221258 1224119594 4046221258 1224119594
0 28 0 2634127333 736804229 2634127333 736804229
0 28 1 1632567832 3147010168 1632567832 3147010168
0 28 2 4111595585 1331070625 4111595585 1331070625
0 28 3 1841552535 327110199 1841552535 327110199
0 28 4 4050144596 4258780020 4050144596 4258780020
0 28 5 481749471 1156419071 481749471 1156419071
0 28 6 1346119291 4126644251 1346119291 4126644251
0 28 7 2047735278 3520600910 2047735278 3520600910
0 29 0 3989439435 2516573803 3989439435 2516573803
0 29 1 3060563368 1546121032 3060563368 1546121032
0 29 2 3371566275 591041315 3371566275 591041315
0 29 3 814678863 1447771759 814678863 1447771759
0 29 4 3047871538 267346578 3047871538 267346578
0 29 5 3910560111 3277467215 3910560111 3277467215
0 29 6 380512721 1853378353 380512721 1853378353
0 29 7 462032230 1976474566 462032230 1976474566
0 30 0 1591172821 860637813 1591172821 860637813
0 30 1 1428746816 2061839712 1428746816 2061839712
0 30 2 2891044997 493400805 2891044997 493400805
0 30 3 3534971395 12115811 3534971395 12115811
0 30 4 4086270228 1166726452 4086270228 1166726452
0 30 5 3674691063 894166103 3674691063 894166103
0 30 6 1305067823 4224611599 1305067823 4224611599
0 30 7 1935268026 3408133658 1935268026 3408133658
0 31 0 3291006503 3965676103 3291006503 3965676103
0 31 1 261517272 1775959608 261517272 1775959608
0 31 2 2609362091 253294603 2609362091 253294603
0 31 3 3856279827 978312755 3856279827 978312755
0 31 4 520168302 1993033934 520168302 1993033934
0 31 5 2368263983 992840463 2368263983 992840463
0 31 6 1536384041 2911807561 1536384041 2911807561
0 31 7 2238049290 3752491626 2238049290 3752491626
0 32 0 3935101649 3577352582 3935101649 3577352582
0 32 1 1529077012 3456134579 1529077012 3456134579
0 32 2 4245044765 3978575706 4245044765 3978575706
0 32 3 3112352387 3089849760 3112352387 3089849760
0 32 4 1320974960 1497003335 1320974960 1497003335
0 32 5 893241931 41334280 893241931 41334280
0 32 6 3076207975 1785330140 3076207975 1785330140
0 32 7 3905521850 1545120185 3905521850 1545120185
0 33 0 4204734551 3596233740 4204734551 3596233740
0 33 1 80745301 950366034 80745301 950366034
0 33 2 3505844766 1905357653 3505844766 1905357653
0 33 3 3207169390 2101927269 3207169390 2101927269
0 33 4 584545227 2801210248 584545227 2801210248
0 33 5 1254013874 1657460881 1254013874 1657460881
0 33 6 4096588076 3876960651 4096588076 3876960651
0 33 7 3882075607 554556812 3882075607 554556812
0 34 0 1718610868 2721152979 1718610868 2721152979
0 34 1 2355177721 271582702 2355177721 271582702
0 34 2 2322688248 1700263247 2322688248 1700263247
0 34 3 3190951454 2215882581 3190951454 2215882581
0 34 4 4158778933 2897749170 4158778933 2897749170
0 34 5 1433768438 1730592685 1433768438 1730592685
0 34 6 3920523186 77393041 3920523186 77393041
0 34 7 958770439 3314643964 958770439 3314643964
0 35 0 2682741530 562663961 2682741530 562663961
0 35 1 212375425 3243612022 212375425 3243612022
0 35 2 4073267042 3679850689 4073267042 3679850689
0 35 3 3131100494 2827336005 3131100494 2827336005
0 35 4 2880142643 3846046224 2880142643 3846046224
0 35 5 695489870 3028091205 695489870 3028091205
0 35 6 420944320 3540139863 420944320 3540139863
0 35 7 936856887 2177683436 936856887 2177683436
0 36 0 2639681920 3234771946 45251160 3454469302
0 36 1 4139687117 3119778401 3901599509 1731150681
0 36 2 1930711872 1076395447 3666084911 4081531896
0 36 3 1511493486 1268380337 1055215383 3708031944
0 36 4 1258450841 362193605 2187551222 1989370533
0 36 5 3200609522 2706732958 3762306812 765473390
0 36 6 1803235266 4202915860 1803235266 4202915860
0 36 7 1163116591 1355638491 4115474120 895189867
0 37 0 522991714 1335178174 1804291539 2016868536
0 37 1 742231229 641338269 2772985142 3831693445
0 37 2 926673446 3154792868 770535052 3047637800
0 37 3 1270563638 1775207574 2141594984 3908805798
0 37 4 2313527683 2293256799 2343419070 419469770
0 37 5 4108338338 2620065249 1319761933 3504730439
0 37 6 2256560284 4281307594 2256560284 4281307594
0 37 7 2805844359 876630703 2274101097 1078227313
0 38 0 2297770596 814149255 690301631 2751424748
0 38 1 1795254105 383674304 1748013769 3672594981
0 38 2 2198009120 3181130208 115277921 3259476307
0 38 3 2492268070 4251224807 3175115136 110472070
0 38 4 1447063581 4209890638 31565925 3850938693
0 38 5 3294781262 3343078989 3211515567 3234688174
0 38 6 2479880354 933941364 2479880354 933941364
0 38 7 715925879 2283274451 3342459085 980035095
0 39 0 119584394 1566357489 2083871855 2916550071
0 39 1 139826481 1018828946 3580804364 4059096949
0 39 2 1920643906 3232805801 912144295 3423048472
0 39 3 3244968342 846761052 2130267850 2547585701
0 39 4 2428106267 2982405609 595953496 280847009
0 39 5 809357718 1155135714 1833940641 3773402442
0 39 6 2557005240 4074923814 2557005240 4074923814
0 39 7 1984484839 3010522759 2959179575 3310993252
0 40 0 2399371463 3990786879 131604729 1681847477
0 40 1 367822258 3201479787 3270124249 1431411108
0 40 2 4258481415 3607475944 4258481415 3607475944
0 40 3 2788693681 3470728614 2788693681 3470728614
0 40 4 2269029790 2649768174 2489975439 147910628
0 40 5 1213464821 795853248 1102104569 3932121604
0 40 6 828921509 3567081690 828921509 3567081690
0 40 7 2641566992 3610729255 2641566992 3610729255
0 41 0 4070541781 1822343316 2128257430 4004400325
0 41 1 2874340898 3238290255 2567148429 3133767344
0 41 2 3154001065 4215380366 3154001065 4215380366
0 41 3 4262054297 832182046 4262054297 832182046
0 41 4 3288356708 299628887 969039517 43552366
0 41 5 1748709477 1673137425 2920479296 2372291459
0 41 6 2792712227 3948973844 2792712227 3948973844
0 41 7 1957756424 652648815 1957756424 652648815
0 42 0 985692552 3902207988 2358787375 2979168081
0 42 1 379524153 3092333760 1005005583 421406946
0 42 2 1591790328 4103189439 1591790328 4103189439
0 42 3 773823386 3787770677 773823386 3787770677
0 42 4 613132337 1929325736 3620799000 3307360898
0 42 5 2295679342 2859795030 579705026 1365032045
0 42 6 919598026 2959642629 919598026 2959642629
0 42 7 197209675 3291300012 197209675 3291300012
0 43 0 2725912670 1284326328 3779327515 1585500458
0 43 1 89847397 2827594404 2277139323 1671456710
0 43 2 666954754 2245570989 666954754 2245570989
0 43 3 1432670702 3318071929 1432670702 3318071929
0 43 4 399728959 3767636985 1721578988 1505905554
0 43 5 3940330170 3501781983 4096139547 164970022
0 43 6 3661534904 3599357823 3661534904 3599357823
0 43 7 2744753679 470382112 2744753679 470382112
0 44 0 3085536211 3294171635 3085536211 3294171635
0 44 1 4190094066 667238482 4190094066 667238482
0 44 2 119758359 2900283319 119758359 2900283319
0 44 3 3876869589 3146334581 3876869589 3146334581
0 44 4 25571138 2806096098 25571138 2806096098
0 44 5 3411333229 3202697805 3411333229 3202697805
0 44 6 3138589741 2505496845 3138589741 2505496845
0 44 7 3556920012 776395052 3556920012 776395052
0 45 0 3743020545 644622433 3743020545 644622433
0 45 1 2502283742 1730172030 2502283742 1730172030
0 45 2 3843253193 2467829673 3843253193 2467829673
0 45 3 2583179785 1950086889 2583179785 1950086889
0 45 4 1141943736 3922468696 1141943736 3922468696
0 45 5 1204796921 1879466521 1204796921 1879466521
0 45 6 1841190075 4197257563 1841190075 4197257563
0 45 7 4236489328 1316945552 4236489328 1316945552
0 46 0 2654802531 1882690819 2654802531 1882690819
0 46 1 3699984554 2227118922 3699984554 2227118922
0 46 2 2372660915 955660691 2372660915 955660691
0 46 3 4086572297 3453479401 4086572297 3453479401
0 46 4 2871024370 3643136082 2871024370 3643136082
0 46 5 1039515125 1770050133 1039515125 1770050133
0 46 6 2442499129 3817922649 2442499129 3817922649
0 46 7 1444914544 2820338064 1444914544 2820338064
0 47 0 3105340181 1590897845 3105340181 1590897845
0 47 1 1074363374 2547229006 1074363374 2547229006
0 47 2 1710091041 195648705 1710091041 195648705
0 47 3 1992416293 1220304581 1992416293 1220304581
0 47 4 1487977884 813308284 1487977884 813308284
0 47 5 3880811177 961267401 3880811177 961267401
0 47 6 1773424899 2545536611 1773424899 2545536611
0 47 7 3651338860 2178473228 3651338860 2178473228
1 16 0 948244079 1283776476 2532666484 2324031060
1 16 1 292703768 2211693096 2943706552 1429264216
1 16 2 1218754675 574177470 653049806 3475151470
1 16 3 128548223 3137211243 3672459807 752916031
1 16 4 910181442 1528687036 828061332 2203484852
1 16 5 1479737691 2879278278 2248396006 3762838342
1 16 6 972655257 2537220185 1256363533 1889456429
1 16 7 2945056402 1801349129 1082971261 449878365
1 17 0 923166115 1818481563 4073806735 1154262959
1 17 1 3178477638 1458300319 4095645323 2156745515
1 17 2 2344027599 1895255753 1894139069 1643926941
1 17 3 698751789 2433936666 2903761970 123237010
1 17 4 2831684214 1612368853 3497986145 2301416961
1 17 5 2841210293 2205976015 3305349755 1790907419
1 17 6 3585442901 3331863400 1026915448 3807440408
1 17 7 3654233736 4040602328 3907585896 2393143560
1 18 0 1066915127 2718215537 3415761038 2396836304
1 18 1 2315680668 3720129269 3607736309 1150892105
1 18 2 44930383 912564579 4288402679 776730425
1 18 3 623719407 3099176032 219291471 4103770576
1 18 4 3354723066 272282207 997728478 3197902288
1 18 5 487670751 4271543751 1927999910 1999325185
1 18 6 1286345685 1837010624 851916591 1614083886
1 18 7 2625305634 80711792 2982745075 2007744585
1 19 0 1150432499 3190487422 2474262663 1819046832
1 19 1 955099054 1268581074 3922780951 2788350026
1 19 2 4018981507 2723036796 498022434 4091244718
1 19 3 852126953 2715283831 3104387079 4203383499
1 19 4 2925991846 3385429717 1199582499 146997187
1 19 5 3520461389 3252398383 167723301 1719571801
1 19 6 4257083513 2108985649 1622027136 4212040971
1 19 7 2964750132 3147594145 3366218084 3511701563
1 20 0 2238464328 2351745822 350041051 314584493
1 20 1 304246143 3946510122 3674897760 2318532231
1 20 2 2396013380 3966789156 2392757754 1107879575
1 20 3 183470296 3343251969 2922534192 178040036
1 20 4 633858877 2219105410 3132618299 702777397
1 20 5 1801497340 1995898192 1915268733 1246724466
1 20 6 2258491990 914283345 657843418 1698972407
1 20 7 2072981581 2436747878 1753951252 2263155032
1 21 0 984574745 4077130096 3305508875 3875042561
1 21 1 1518537220 1551502540 812972027 633717639
1 21 2 3708031497 1807603690 954740650 1544911475
1 21 3 678382427 2476199595 2125791985 1602096764
1 21 4 4281132700 651758094 1173866677 4045889509
1 21 5 507317039 54396860 454582507 569304827
1 21 6 2675635475 2380441965 1599859708 1978095463
1 21 7 397395462 2851165885 311287024 3356116343
1 22 0 2210224897 1460510596 3966883850 1213150315
1 22 1 793449814 2394705271 3471987051 1344121839
1 22 2 2379232421 1420796157 1681996729 1068848287
1 22 3 2297349321 3769874520 1333612513 4263802868
1 22 4 3914485716 1341027914 1875204880 1444235526
1 22 5 1341964893 437168760 2392443982 2015175211
1 22 6 3361574703 2640150169 3512193529 4070540246
1 22 7 3022977516 1228407721 1347799341 643958951
1 23 0 3044992357 743738505 1573703546 1209642530
1 23 1 3726568784 1035967245 2564976906 919985865
1 23 2 2924540281 623498887 2726422313 3066870718
1 23 3 3695535435 3374326982 1149132834 1644507737
1 23 4 2329113400 1437962742 651537046 3488351862
1 23 5 2178877307 2413373828 134139048 1562461700
1 23 6 2899701571 4024637717 3971724647 691032454
1 23 7 2110768294 1589517285 1984912243 2355935478
1 24 0 3405441747 442484133 3405441747 442484133
1 24 1 2814497752 3794267090 2814497752 3794267090
1 24 2 4265963155 2028953445 4265963155 2028953445
1 24 3 3208401531 1511971117 3208401531 1511971117
1 24 4 407222950 1836404240 407222950 1836404240
1 24 5 2608634859 776851421 2608634859 776851421
1 24 6 3728150585 58601523 3728150585 58601523
1 24 7 1621079566 404682584 1621079566 404682584
1 25 0 2637455679 3879598185 2637455679 3879598185
1 25 1 2501852154 2212348012 2501852154 2212348012
1 25 2 3779646319 3195878937 3779646319 3195878937
1 25 3 2704577901 4056515631 2704577901 4056515631
1 25 4 866493474 3788581172 866493474 3788581172
1 25 5 2096391465 3588962147 2096391465 3588962147
1 25 6 3853110533 2777697223 3853110533 2777697223
1 25 7 411143368 2877030722 411143368 2877030722
1 26 0 2724081703 27434801 2724081703 27434801
1 26 1 942499976 3112099842 942499976 3112099842
1 26 2 2722470067 3352812869 2722470067 3352812869
1 26 3 3841826735 610621785 3841826735 610621785
1 26 4 3681252250 1068097612 3681252250 1068097612
1 26 5 1351450971 872018509 1351450971 872018509
1 26 6 3618034089 3135221731 3618034089 3135221731
1 26 7 1385905074 3172468868 1385905074 3172468868
1 27 0 2842925907 2289558053 2842925907 2289558053
1 27 1 2365020542 1423209544 2365020542 1423209544
1 27 2 3546666655 3401960585 3546666655 3401960585
1 27 3 3268177805 509012879 3268177805 509012879
1 27 4 1186366406 3421750256 1186366406 3421750256
1 27 5 2973226125 1472759951 2973226125 1472759951
1 27 6 2238696117 1640106615 2238696117 1640106615
1 27 7 2086451960 4294362162 2086451960 4294362162
1 28 0 859355757 2942702362 406869861 54693263
1 28 1 3466066621 2601272985 4069082760 2987928551
1 28 2 656033279 2411383619 1428709355 1919712959
1 28 3 770223290 3303446665 2290014393 2694984815
1 28 4 3114494685 2633250502 2097238401 2323341350
1 28 5 2180071135 504380843 1785152947 2735414105
1 28 6 3609175194 4067413988 792334846 188337752
1 28 7 4279914996 3634181547 486452946 648294434
1 29 0 2386022977 2378115092 2645516150 634180381
1 29 1 778941521 3771447972 201779952 3679332933
1 29 2 2463785811 4284283017 2845051860 2864488087
1 29 3 2864158254 2469269686 498345711 857466150
1 29 4 3592626545 2454490056 2719806555 1058665669
1 29 5 2867306163 3045256290 3007825097 97952383
1 29 6 4076091150 2394949310 2860051232 3636515409
1 29 7 708169118 3802327214 1199792736 566340915
1 30 0 3289859416 2664735058 3289859416 2664735058
1 30 1 2752054151 3260635217 2752054151 3260635217
1 30 2 884659616 2984210810 884659616 2984210810
1 30 3 1906329388 3319672398 1906329388 3319672398
1 30 4 3029926045 1072050527 3029926045 1072050527
1 30 5 2112013284 99442182 2112013284 99442182
1 30 6 1162058338 3175800948 1162058338 3175800948
1 30 7 2756584129 263598171 2756584129 263598171
1 31 0 2984123256 953946290 2984123256 953946290
1 31 1 2755372233 1472809411 2755372233 1472809411
1 31 2 3618728720 2298772650 3618728720 2298772650
1 31 3 30178190 4122337496 30178190 4122337496
1 31 4 2444535885 2547063119 2444535885 2547063119
1 31 5 3091724330 3355747804 3091724330 3355747804
1 31 6 2649320786 1337392356 2649320786 1337392356
1 31 7 2404933403 833424653 2404933403 833424653
1 32 0 4273969876 1037452685 4273969876 1037452685
1 32 1 350450695 2184613606 350450695 2184613606
1 32 2 1520082160 2802553897 1520082160 2802553897
1 32 3 1970467352 697296529 1970467352 697296529
1 32 4 1399197593 3245841104 1399197593 3245841104
1 32 5 2523634916 3213954589 2523634916 3213954589
1 32 6 604923138 3173565331 604923138 3173565331
1 32 7 2511748621 1112519524 2511748621 1112519524
1 33 0 2879620836 584947741 2879620836 584947741
1 33 1 1174016085 2658948396 1174016085 2658948396
1 33 2 3371695568 4245651593 3371695568 4245651593
1 33 3 810409438 1414798559 810409438 1414798559
1 33 4 1133806761 4074567840 1133806761 4074567840
1 33 5 2957883798 2613246839 2957883798 2613246839
1 33 6 1752614162 1714232995 1752614162 1714232995
1 33 7 3384172923 2903720010 3384172923 2903720010
1 34 0 1570272844 1737962245 1570272844 1737962245
1 34 1 2660380875 1994803610 2660380875 1994803610
1 34 2 3963062516 633270317 3963062516 633270317
1 34 3 1537158928 3441322057 1537158928 3441322057
1 34 4 4258749377 121115576 4258749377 121115576
1 34 5 286368440 3264347313 286368440 3264347313
1 34 6 2768367894 3210947319 2768367894 3210947319
1 34 7 565028581 2768670204 565028581 2768670204
1 35 0 1123238428 2566545813 1123238428 2566545813
1 35 1 2128562765 3043253540 2128562765 3043253540
1 35 2 1031113860 3561445181 1031113860 3561445181
1 35 3 3813660066 3684579123 3813660066 3684579123
1 35 4 3254773793 860834200 3254773793 860834200
1 35 5 779370814 850936127 779370814 850936127
1 35 6 100763942 3625580359 100763942 3625580359
1 35 7 184756191 3222996254 184756191 3222996254
1 36 0 883750756 3040865678 601097687 1568438732
1 36 1 4176024175 2732084853 391739124 985504474
1 36 2 1131803784 1430597719 2265114786 2424336594
1 36 3 2050531232 904339855 991142014 4059189297
1 36 4 955676577 2554636442 4241699292 3722106307
1 36 5 2576498516 3875141429 3995277749 162612872
1 36 6 1888182946 1876828498 1888182946 1876828498
1 36 7 2781776733 3063602567 4128305647 1174661650
1 37 0 67370593 35086182 4123961750 2942529307
1 37 1 1515326496 2542433261 2214002551 622000104
1 37 2 1626853425 1971292300 4210727721 1558502204
1 37 3 2138737671 2247772748 3598443338 254071960
1 37 4 1637807268 3006349645 930786897 436942370
1 37 5 2321759931 3715770770 245047759 2971286605
1 37 6 1421028443 3178761979 1421028443 3178761979
1 37 7 1061472930 1803711688 717684659 3129589731
1 38 0 4274166813 1683156359 1220626435 4083899420
1 38 1 2902024350 1190347688 2433057718 2979152353
1 38 2 1149502193 2672755248 848527080 2930050589
1 38 3 11214449 568899305 3270806875 1465324098
1 38 4 2479992720 2898941040 3357619619 1238729398
1 38 5 2495175717 1434300579 1338624012 4041448270
1 38 6 989444795 3388454235 989444795 3388454235
1 38 7 2728971060 642590460 654535088 2812747549
1 39 0 1173805245 2974771157 1933747310 119560868
1 39 1 3220176732 206551390 2443630319 3225716525
1 39 2 2305624193 3379633793 2935965467 1359601760
1 39 3 3213864471 4084021782 67851525 2410015188
1 39 4 202797152 4068359859 1616801582 831087303
1 39 5 1483902567 3424287696 1298757232 719235268
1 39 6 1316037259 3467842507 1316037259 3467842507
1 39 7 1589475458 3852919748 3048221466 3089411915
1 40 0 2618471954 1277064321 2490503498 2498868724
1 40 1 462395781 3056992621 3511813738 2091009365
1 40 2 1142355794 4092228811 1142355794 4092228811
1 40 3 3493307510 1965651575 3493307510 1965651575
1 40 4 693102895 2736924550 1624382030 2469339636
1 40 5 3509801798 95902840 4158209713 1834378268
1 40 6 960368424 3934208749 960368424 3934208749
1 40 7 3906889539 1684273098 3906889539 1684273098
1 41 0 1878779170 2310944853 4208739687 2575421246
1 41 1 2585698219 49333497 1696479527 2307142554
1 41 2 2627338866 541868779 2627338866 541868779
1 41 3 1510869380 785394209 1510869380 785394209
1 41 4 2182867583 1109399855 3269846201 2245236887
1 41 5 529923800 3336873513 3180524271 723786370
1 41 6 31251320 3196302685 31251320 3196302685
1 41 7 25040825 2143348900 25040825 2143348900
1 42 0 1374066382 41475762 2902235314 154492892
1 42 1 3914263573 2568134646 2899555916 2300243271
1 42 2 2873708978 247784235 2873708978 247784235
1 42 3 213956818 2719671883 213956818 2719671883
1 42 4 3250961899 244517299 1268059819 578716432
1 42 5 52944278 3047931982 101998398 773572673
1 42 6 2400925752 491012637 2400925752 491012637
1 42 7 3441298703 3167123614 3441298703 3167123614
1 43 0 1347567134 452267540 3773256018 3194772030
1 43 1 545992279 912696256 292625069 1050279312
1 43 2 1767566146 1438102939 1767566146 1438102939
1 43 3 4135016292 4213192961 4135016292 4213192961
1 43 4 3393507595 1854276130 2120776069 3797590673
1 43 5 3776401380 3312165732 2540445115 18664070
1 43 6 2924688392 2565546189 2924688392 2565546189
1 43 7 2109769737 3535882836 2109769737 3535882836
1 44 0 3935656725 1298958615 3935656725 1298958615
1 44 1 2182811490 2007371124 2182811490 2007371124
1 44 2 2889035589 1663676423 2889035589 1663676423
1 44 3 4004431681 2096111835 4004431681 2096111835
1 44 4 583971616 324121338 583971616 324121338
1 44 5 585041169 804700587 585041169 804700587
1 44 6 2221616663 320298337 2221616663 320298337
1 44 7 3598099468 1157347566 3598099468 1157347566
1 45 0 2947602981 2196699943 2947602981 2196699943
1 45 1 2857349972 2673189686 2857349972 2673189686
1 45 2 844418261 387198423 844418261 387198423
1 45 3 3571186475 2257782301 3571186475 2257782301
1 45 4 800725872 1537923146 800725872 1537923146
1 45 5 2666859127 2115277569 2666859127 2115277569
1 45 6 3853295671 1482126785 3853295671 1482126785
1 45 7 2065004270 393375992 2065004270 393375992
1 46 0 4006629906 2115962276 4006629906 2115962276
1 46 1 4044602921 678078563 4044602921 678078563
1 46 2 1880745770 485702876 1880745770 485702876
1 46 3 270893530 2826115468 270893530 2826115468
1 46 4 2697105399 1806580865 2697105399 1806580865
1 46 5 2327997506 2997717268 2327997506 2997717268
1 46 6 382537864 3768338434 382537864 3768338434
1 46 7 3573771343 2711211577 3573771343 2711211577
1 47 0 4099757630 1312710408 4099757630 1312710408
1 47 1 3205956875 872650557 3205956875 872650557
1 47 2 915378310 125556144 915378310 125556144
1 47 3 3262759388 233562430 3262759388 233562430
1 47 4 3185014291 3322231525 3185014291 3322231525
1 47 5 3104229728 1839242298 3104229728 1839242298
1 47 6 3853556436 3811008182 3853556436 3811008182
1 47 7 2942307449 299609203 2942307449 299609203
2 16 0 3356300288 3067290204 230221556 21586132
2 16 1 141781121 1860077728 1385463200 1176827776
2 16 2 310862820 824641358 631069662 4153925246
2 16 3 498350018 1906448229 539170929 3319695889
2 16 4 1896706677 2409192123 1161180655 528087759
2 16 5 3341487938 1619465681 4254663477 1474138517
2 16 6 2962979957 1872538545 152277461 3716709749
2 16 7 3240068976 4129597281 1212486853 1984598565
2 17 0 3084260409 1614512277 2126948769 612506433
2 17 1 3121083462 4269367161 2486519405 2277883981
2 17 2 2120856661 298150935 2214844051 3631844275
2 17 3 268634353 3111376724 2494217692 1861124796
2 17 4 3518347932 47168410 736766642 2251208978
2 17 5 1088208269 598738720 3033035808 2824400384
2 17 6 3634382575 3273404903 2065950819 1293839107
2 17 7 2115234484 4075522288 419874096 628509520
2 18 0 2277679155 444426213 1673747649 4254865129
2 18 1 1697907190 1465560601 397340113 3516694723
2 18 2 460779695 1874744743 2808202086 633159079
2 18 3 441147957 4266229588 3313020331 3209743050
2 18 4 3520933838 3258178685 2213087282 2994100825
2 18 5 934396445 2948077623 1412843776 3677111299
2 18 6 3211795373 3911253104 3279249837 1416943351
2 18 7 4116793336 2293289888 3972690049 3007401031
2 19 0 3094975457 2028527268 390434809 1871256735
2 19 1 4065536282 480974456 4034221678 1249519304
2 19 2 2712660889 2394425590 1533655256 3774664056
2 19 3 342249545 2633648381 3208872368 1368051361
2 19 4 381081364 2952973284 2200051985 1779281401
2 19 5 2307315921 1364029294 494851111 1523092966
2 19 6 831686947 1611321377 3090739814 847585433
2 19 7 3508339436 1797195217 2719267658 241381370
2 20 0 1499188576 4137567320 3554212238 2338649760
2 20 1 1844774517 3427285940 2772375198 3078432318
2 20 2 36796936 2865798724 1260932957 3573796315
2 20 3 3717218330 2279473849 2724290070 107723108
2 20 4 668110429 823190277 1894245451 2403353426
2 20 5 1745121598 3026122715 1882791093 870355936
2 20 6 2455017106 2189002470 874040698 3824231666
2 20 7 1162884143 22825046 334875750 400699938
2 21 0 1111434046 3390970666 4236526609 4200340496
2 21 1 337300209 768693630 1562812686 3164390850
2 21 2 2056132834 3425939744 3706874196 3566566310
2 21 3 3801944758 2662708149 3288937094 2720913461
2 21 4 1781418035 4055201089 3771073423 1582073903
2 21 5 1323804298 2948927639 2704214969 2049027280
2 21 6 2685985808 3327989874 100959502 959309105
2 21 7 3777649195 2901402914 1103507978 3810772818
2 22 0 1027319804 1112050485 3737506049 2666864841
2 22 1 3835238177 2323912977 2167537009 489100655
2 22 2 1300465664 3374789587 2431206276 1977607419
2 22 3 3298085538 2724161082 3812576775 3079211524
2 22 4 3748122937 3889098413 3571076148 245081453
2 22 5 1399003770 1500771139 2523900882 4075304259
2 22 6 2478512586 938301518 3977521949 1008272911
2 22 7 2128101319 2125970878 3641322481 4122788511
2 23 0 3969141078 2782945003 1744577346 1722811010
2 23 1 3769602589 374363703 2274018119 2387209064
2 23 2 2708277022 2144180413 2531202341 4113639340
2 23 3 2327508014 340113432 3421821229 2445597419
2 23 4 2943255131 889728678 3545075792 1675523018
2 23 5 4278980886 360097503 2421797998 2231621747
2 23 6 219169004 3207105562 3191256729 1451964062
2 23 7 1790254467 1314110730 1874836941 2643834447
2 24 0 254235606 3820780672 254235606 3820780672
2 24 1 2163389115 1446593133 2163389115 1446593133
2 24 2 2474207310 1181214104 2474207310 1181214104
2 24 3 3728091692 1751816526 3728091692 1751816526
2 24 4 48169891 291920949 48169891 291920949
2 24 5 4232519304 3170379266 4232519304 3170379266
2 24 6 4029797684 2101915990 4029797684 2101915990
2 24 7 1176332225 3056643419 1176332225 3056643419
2 25 0 2663591421 3184813951 2663591421 3184813951
2 25 1 1668211238 658852240 1668211238 658852240
2 25 2 2549820613 1827344775 2549820613 1827344775
2 25 3 2084024077 4179967759 2084024077 4179967759
2 25 4 1585664416 3028061562 1585664416 3028061562
2 25 5 216723661 3742830031 216723661 3742830031
2 25 6 708115375 2354992473 708115375 2354992473
2 25 7 1989251312 895545802 1989251312 895545802
2 26 0 2125887951 2045493177 2125887951 2045493177
2 26 1 2179105770 1238627996 2179105770 1238627996
2 26 2 1690473647 2240939609 1690473647 2240939609
2 26 3 151692677 817516615 151692677 817516615
2 26 4 1670971290 1514245196 1670971290 1514245196
2 26 5 1711413617 3829574091 1711413617 3829574091
2 26 6 158546957 2370880527 158546957 2370880527
2 26 7 3362667032 2374520850 3362667032 2374520850
2 27 0 3176458609 2525297099 3176458609 2525297099
2 27 1 3627998310 1273918928 3627998310 1273918928
2 27 2 2821494109 4150104863 2821494109 4150104863
2 27 3 1335496361 70214883 1335496361 70214883
2 27 4 4217250244 3038606758 4217250244 3038606758
2 27 5 3993144173 3343714863 3993144173 3343714863
2 27 6 3890589335 2814953953 3890589335 2814953953
2 27 7 2765561132 3500643406 2765561132 3500643406
2 28 0 3122675531 3245391854 2283387529 1360202955
2 28 1 187399547 417083710 1462505215 2247477637
2 28 2 1514705422 2146085158 923160608 74175770
2 28 3 453041909 2696407131 935148601 125325575
2 28 4 1495096724 1505738671 917467439 2028687050
2 28 5 4272574638 1685823001 2747893437 2547720842
2 28 6 1672289173 3867637591 2205699705 2084727003
2 28 7 4027105765 401524327 2768264377 1443701810
2 29 0 1244702879 2814348091 4230022499 3384483722
2 29 1 2140045327 2839900910 894658361 106818354
2 29 2 633848813 3944231068 1572428356 3244483819
2 29 3 382217049 3684725074 3055142305 4016247697
2 29 4 3235972632 2994777575 3030620961 353016236
2 29 5 749281714 3702134844 3678314339 1850493470
2 29 6 3518415289 1818405741 324169760 465038589
2 29 7 2887127561 3442997410 1950071403 2082087585
2 30 0 3610556903 2786593777 3610556903 2786593777
2 30 1 951074138 3483207948 951074138 3483207948
2 30 2 3207534535 884583825 3207534535 884583825
2 30 3 3811312517 3665362503 3811312517 3665362503
2 30 4 2943888234 2820436508 2943888234 2820436508
2 30 5 3487621577 3439001283 3487621577 3439001283
2 30 6 1823702397 2981972735 1823702397 2981972735
2 30 7 739296480 854084538 739296480 854084538
2 31 0 1493726265 313521203 1493726265 313521203
2 31 1 2600815966 468753128 2600815966 468753128
2 31 2 3228498189 1196751119 3228498189 1196751119
2 31 3 4026980769 3273063803 4026980769 3273063803
2 31 4 3581902788 1591485350 3581902788 1591485350
2 31 5 683133 594076159 683133 594076159
2 31 6 601948559 910678905 601948559 910678905
2 31 7 3666250396 2901783550 3666250396 2901783550
2 32 0 2691861555 3272119522 2691861555 3272119522
2 32 1 1480631310 889152655 1480631310 889152655
2 32 2 3084981007 1782338958 3084981007 1782338958
2 32 3 2651188869 3133830940 2651188869 3133830940
2 32 4 3993701062 2813029479 3993701062 2813029479
2 32 5 3915041709 205987716 3915041709 205987716
2 32 6 3964885909 468294124 3964885909 468294124
2 32 7 101232592 3204010633 101232592 3204010633
2 33 0 3622490690 2434786131 3622490690 2434786131
2 33 1 631197041 2877579560 631197041 2877579560
2 33 2 1768793334 3222872663 1768793334 3222872663
2 33 3 633919294 943732543 633919294 943732543
2 33 4 1796788631 1454762614 1796788631 1454762614
2 33 5 3581308266 2304584923 3581308266 2304584923
2 33 6 4062653268 3125173773 4062653268 3125173773
2 33 7 2979775123 1275559746 2979775123 1275559746
2 34 0 2199418276 2286904669 2199418276 2286904669
2 34 1 626887349 1024186508 626887349 1024186508
2 34 2 1485968000 3473914937 1485968000 3473914937
2 34 3 1808590390 3931446295 1808590390 3931446295
2 34 4 1437048385 2322202168 1437048385 2322202168
2 34 5 1665176782 428874959 1665176782 428874959
2 34 6 248766506 3126569755 248766506 3126569755
2 34 7 649189659 3354113770 649189659 3354113770
2 35 0 3834151930 1591527019 3834151930 1591527019
2 35 1 1429461829 2781752668 1429461829 2781752668
2 35 2 1985639906 2321814515 1985639906 2321814515
2 35 3 1787505646 275071343 1787505646 275071343
2 35 4 2859567103 2929658430 2859567103 2929658430
2 35 5 2364205790 1559558623 2364205790 1559558623
2 35 6 1669632032 2131481561 1669632032 2131481561
2 35 7 2994471715 1574085010 2994471715 1574085010
2 36 0 3867678640 2243542841 69965581 1020314242
2 36 1 3679394649 2888313802 2522418766 2335154562
2 36 2 1172447072 3653272796 3000468773 2213113444
2 36 3 3022479038 1757518294 2777815357 2318026679
2 36 4 2283102309 2232348075 3697910774 3975897184
2 36 5 70228698 712779904 160955032 2991683034
2 36 6 1396988162 2338001458 1396988162 2338001458
2 36 7 3163751819 3172982325 1294722042 566250824
2 37 0 1345679338 4226208817 1594222640 3710491716
2 37 1 4157042753 3453744058 1857617613 3120666775
2 37 2 200109590 2118705319 1141556747 4196957604
2 37 3 200576334 924727345 421565498 1294425197
2 37 4 2204297959 3664151680 792657680 533602828
2 37 5 1760794802 253210763 3585456573 63193482
2 37 6 806643980 3829822432 806643980 3829822432
2 37 7 2553387867 39327141 1007178223 1847845426
2 38 0 754017068 367621996 3039364575 3648176481
2 38 1 1413628285 1925240443 3483538972 3876075299
2 38 2 4234396944 517738747 2348080074 3007963375
2 38 3 2614448086 1724331219 3544119460 3677744358
2 38 4 2644796625 1014079365 3268841523 3744051783
2 38 5 457798238 57098146 745357445 54282564
2 38 6 2210262514 3949279810 2210262514 3949279810
2 38 7 893687507 4265703257 240881373 4041344555
2 39 0 1586456786 3229781014 2658727315 2405022402
2 39 1 3287611789 727599165 2151929873 2685511567
2 39 2 465993226 3084453994 2154712671 1122625968
2 39 3 391261502 1653263163 276249009 77322072
2 39 4 728303519 1623298510 2691257025 3761807715
2 39 5 2060822382 355613330 1447896146 2806155683
2 39 6 3022267248 3516951308 3022267248 3516951308
2 39 7 792560971 212353278 3245816070 2681933591
2 40 0 2513941259 2032408579 179448026 1776187541
2 40 1 2011356522 1730519383 1275782778 225800965
2 40 2 2826120763 1032478386 2826120763 1032478386
2 40 3 638265829 2653354984 638265829 2653354984
2 40 4 998121654 3093927350 604192883 3985173371
2 40 5 1231082273 1850284968 2182985597 3483402240
2 40 6 1512447785 124190452 1512447785 124190452
2 40 7 986800040 3386647405 986800040 3386647405
2 41 0 1154932124 1085916255 2773330843 2527543611
2 41 1 1237046211 51000739 2053440219 2449422182
2 41 2 967337124 1794056513 967337124 1794056513
2 41 3 1968345288 526472589 1968345288 526472589
2 41 4 1961482761 3500326559 1041191237 469740416
2 41 5 1767139064 1358570457 2963823218 933255869
2 41 6 2337529582 506087903 2337529582 506087903
2 41 7 1006540229 3029873864 1006540229 3029873864
2 42 0 3552686842 1990285480 774127780 1991875536
2 42 1 2619743619 1192022140 1917456324 1115786911
2 42 2 3461697482 3263636083 3461697482 3263636083
2 42 3 2153203140 3247561057 2153203140 3247561057
2 42 4 3789620703 2831586096 2972488000 3459838281
2 42 5 2166188504 812357886 4183339978 956240629
2 42 6 3651239000 1750733757 3651239000 1750733757
2 42 7 197868017 1151659468 197868017 1151659468
2 43 0 1232752232 578105594 1650867491 3485046982
2 43 1 2889188371 3097159878 3851847433 909321076
2 43 2 3372171836 3401696489 3372171836 3401696489
2 43 3 225156892 3553424329 225156892 3553424329
2 43 4 4196136997 2066682529 677763760 2988711227
2 43 5 462495848 3381877767 743957973 1780441368
2 43 6 2011324198 4049926407 2011324198 4049926407
2 43 7 1571300809 1592795156 1571300809 1592795156
2 44 0 2912148005 928643879 2912148005 928643879
2 44 1 2221627052 1089720782 2221627052 1089720782
2 44 2 3652843545 690831827 3652843545 690831827
2 44 3 783867663 2380143865 783867663 2380143865
2 44 4 4251014232 3778435154 4251014232 3778435154
2 44 5 140399863 1392589185 140399863 1392589185
2 44 6 2290185107 2270731365 2290185107 2270731365
2 44 7 835618442 364921596 835618442 364921596
2 45 0 1057186571 3990177085 1057186571 3990177085
2 45 1 3385524420 521239718 3385524420 521239718
2 45 2 3896812883 2008767525 3896812883 2008767525
2 45 3 1062413663 1843604297 1062413663 1843604297
2 45 4 14573382 3102626672 14573382 3102626672
2 45 5 2860474479 2708194073 2860474479 2708194073
2 45 6 321097425 1702879851 321097425 1702879851
2 45 7 1922690458 2253474380 1922690458 2253474380
2 46 0 2615130933 2427414263 2615130933 2427414263
2 46 1 2920632580 2937490662 2920632580 2937490662
2 46 2 165608453 2262835911 165608453 2262835911
2 46 3 2912498323 4169433957 2912498323 4169433957
2 46 4 1501521512 1587759394 1501521512 1587759394
2 46 5 655652143 2243154649 655652143 2243154649
2 46 6 3265277231 1480248025 3265277231 1480248025
2 46 7 1685871790 4275311032 1685871790 4275311032
2 47 0 4013218431 3353697705 4013218431 3353697705
2 47 1 38265748 433562742 38265748 433562742
2 47 2 245351467 77948701 245351467 77948701
2 47 3 2259231787 628606749 2259231787 628606749
2 47 4 3237454842 3218466924 3237454842 3218466924
2 47 5 1571332991 1596440233 1571332991 1596440233
2 47 6 4044357737 2819701155 4044357737 2819701155
2 47 7 3551622150 1913597232 3551622150 1913597232
3 16 0 1889165754 2664344422 2178712646 664270310
3 16 1 3556971865 1127984130 1822928106 308485770
3 16 2 3730224422 1981165940 693141308 1326234204
3 16 3 2662759558 1498865111 1849032659 2057668083
3 16 4 666389991 2406278944 302263458 734140650
3 16 5 1503133961 842018121 1988355266 2457961358
3 16 6 1479515577 1706421088 3655779911 4238618292
3 16 7 178341195 3092225417 3446575081 124522999
3 17 0 91029170 2040494695 3726805219 2954693507
3 17 1 3789466579 769547363 4182586695 3507917095
3 17 2 2833022006 51730821 3545014865 722913201
3 17 3 30792600 1416312430 3588946110 1232878622
3 17 4 1222885983 391416621 2201199639 3679149251
3 17 5 3652895783 3051644324 2641648146 1735214880
3 17 6 3426081545 1032364781 2807163186 4087937193
3 17 7 1230835449 631058276 572363191 295152726
3 18 0 1585006450 1536281435 4043766605 1543756449
3 18 1 2863815621 1856897479 2461734636 2733837663
3 18 2 819570266 4139573513 589681298 1341845606
3 18 3 3625301206 2664726114 676877800 2949767038
3 18 4 2801027615 2872639346 1778264268 435888038
3 18 5 565374125 1572779435 2248236462 4243783849
3 18 6 3785101397 2197443122 1954933283 596510031
3 18 7 1267198267 3754006891 2378019615 2284018687
3 19 0 3050405634 4201975250 937459050 2308270417
3 19 1 128868907 1927885982 1846050522 3624704719
3 19 2 21038034 2609425072 2961354485 93537399
3 19 3 2780486508 3408818787 1758454156 1508314974
3 19 4 2885818863 2106199207 2670489401 3552428015
3 19 5 3707368543 1415499566 226227324 4078087676
3 19 6 2488321709 2090341607 1713613214 2277945254
3 19 7 797123989 1164615790 3100718611 3849485209
3 20 0 2787473715 568467721 3072639361 1572829335
3 20 1 367469142 3756051262 4197225617 589666727
3 20 2 3858878586 2436630426 2083427425 1792554290
3 20 3 2156844302 1055171621 1758690932 3872782832
3 20 4 3749311127 2567343447 1047665992 2475906629
3 20 5 2984077015 2900597781 4186013257 3872983483
3 20 6 1630131076 796984217 696284746 2221221687
3 20 7 827287447 2087645153 1517325865 4024679683
3 21 0 2938396967 3862145004 2863576675 3473177096
3 21 1 195274578 1776879042 3321516936 1976266892
3 21 2 4162904070 4267072808 3282753754 1987179052
3 21 3 3728161650 3104930408 2520175855 550861589
3 21 4 1604512739 1193325959 2199086982 63709278
3 21 5 4105540064 2727206586 2867971973 2275046581
3 21 6 4134868896 1952071721 2182066840 346002030
3 21 7 505048035 802794528 442586155 1986570795
3 22 0 1110217290 515971617 3940368137 1550866886
3 22 1 7086221 86025853 1999302694 1977378652
3 22 2 3581867758 559041567 478055084 1969497161
3 22 3 403685162 715427126 3933832306 2865529487
3 22 4 3618905855 4075319845 3791763069 4262306005
3 22 5 529860669 2742495178 107603563 840049474
3 22 6 2476177865 3577994725 3918707862 3520923637
3 22 7 2218693071 3581635551 129957522 575284357
3 23 0 2507074238 1767824181 2738382585 904475180
3 23 1 2913732547 2979686673 2983379049 4229263634
3 23 2 4252391130 4030563283 839585884 326906674
3 23 3 125263808 3379934778 3395562175 4237659254
3 23 4 2392428971 3974452185 1603990925 3320323527
3 23 5 3077727071 932089982 523400720 1118555732
3 23 6 2303625501 1606113049 681129254 376672318
3 23 7 683869225 3178399678 1824635195 528968352
3 24 0 522519464 2725121890 522519464 2725121890
3 24 1 4259392211 2328626597 4259392211 2328626597
3 24 2 454963680 3579490490 454963680 3579490490
3 24 3 2897896848 1606243114 2897896848 1606243114
3 24 4 116842585 390141971 116842585 390141971
3 24 5 2972016711 3837764113 2972016711 3837764113
3 24 6 3595778995 2846230597 3595778995 2846230597
3 24 7 385589361 1513691339 385589361 1513691339
3 25 0 3228158540 3085158702 3228158540 3085158702
3 25 1 3900880505 644859507 3900880505 644859507
3 25 2 1728769516 3412493326 1728769516 3412493326
3 25 3 492247630 1445840792 492247630 1445840792
3 25 4 933547077 1282983175 933547077 1282983175
3 25 5 4148624953 1363471923 4148624953 1363471923
3 25 6 1053068839 551439665 1053068839 551439665
3 25 7 3883974803 3509707109 3883974803 3509707109
3 26 0 4103259740 38744510 4103259740 38744510
3 26 1 2691755027 1988640997 2691755027 1988640997
3 26 2 1099898120 1861181570 1099898120 1861181570
3 26 3 3250412140 2958752910 3250412140 2958752910
3 26 4 1371858965 627838487 1371858965 627838487
3 26 5 557571511 1648236353 557571511 1648236353
3 26 6 3762104139 2044279933 3762104139 2044279933
3 26 7 3404679989 363886327 3404679989 363886327
3 27 0 229945432 1072387154 229945432 1072387154
3 27 1 2334630333 33966911 2334630333 33966911
3 27 2 3058593068 442131534 3058593068 442131534
3 27 3 3725357686 1968161120 3725357686 1968161120
3 27 4 3439278857 4015689987 3439278857 4015689987
3 27 5 1143340789 3470857655 1143340789 3470857655
3 27 6 2424552855 2891874529 2424552855 2891874529
3 27 7 566042411 1205766685 566042411 1205766685
3 28 0 1373392295 4133693101 1256900996 4008232085
3 28 1 3256160672 2619814143 3523980021 1775864800
3 28 2 2952326 1776795893 3328444624 2311318017
3 28 3 937561988 2221543886 4288321941 18065998
3 28 4 3312689014 3000326340 2065670305 4028155829
3 28 5 3414871954 3158615084 4215914215 1538554593
3 28 6 2696378455 3632091494 3820378610 3025411104
3 28 7 2561480018 529584456 2396333946 3982060899
3 29 0 4066479021 3665601191 3536131213 2394751227
3 29 1 396634378 3905950500 871670824 2678099225
3 29 2 4037733036 4051224691 4151260918 1214918336
3 29 3 2165011226 2769635823 2665669925 1316786824
3 29 4 3323526650 3060825748 870631719 1256855452
3 29 5 6253759 1554407255 184138418 1124265453
3 29 6 2289811563 292194966 2844766080 1849701423
3 29 7 2141709142 4079015321 2701264909 2919844795
3 30 0 1799065585 3015744587 1799065585 3015744587
3 30 1 1956325962 2679398332 1956325962 2679398332
3 30 2 1411469457 596263211 1411469457 596263211
3 30 3 1056297545 3368377155 1056297545 3368377155
3 30 4 1437658172 2340831070 1437658172 2340831070
3 30 5 1451920234 76534300 1451920234 76534300
3 30 6 1646313734 567833136 1646313734 567833136
3 30 7 962226276 2460372614 962226276 2460372614
3 31 0 1688811741 2677910175 1688811741 2677910175
3 31 1 3216750432 3578026554 3216750432 3578026554
3 31 2 5064061 1501549311 5064061 1501549311
3 31 3 2441482231 3135618177 2441482231 3135618177
3 31 4 3863939488 155420026 3863939488 155420026
3 31 5 2887083292 4169755262 2887083292 4169755262
3 31 6 2649385546 740401084 2649385546 740401084
3 31 7 1736138598 1557692624 1736138598 1557692624
3 32 0 1889668317 3078818548 1889668317 3078818548
3 32 1 1417265602 764299987 1417265602 764299987
3 32 2 1117455001 1875426768 1117455001 1875426768
3 32 3 2453817365 2465910380 2453817365 2465910380
3 32 4 2158186608 734789545 2158186608 734789545
3 32 5 1473885890 540577747 1473885890 540577747
3 32 6 840927934 976134847 840927934 976134847
3 32 7 431680760 99622257 431680760 99622257
3 33 0 2941073161 3973245056 2941073161 3973245056
3 33 1 79483516 3674836341 79483516 3674836341
3 33 2 2726362133 91275884 2726362133 91275884
3 33 3 2911813407 839381726 2911813407 839381726
3 33 4 1217187156 1373904909 1217187156 1373904909
3 33 5 900719632 2160422217 900719632 2160422217
3 33 6 1235148898 3055855219 1235148898 3055855219
3 33 7 2064457694 3024453343 2064457694 3024453343
3 34 0 3437858941 997025684 3437858941 997025684
3 34 1 637100454 735500231 637100454 735500231
3 34 2 2908530109 2422190676 2908530109 2422190676
3 34 3 3199842133 2169465900 3199842133 2169465900
3 34 4 882337840 3044993769 882337840 3044993769
3 34 5 3574431262 3992793759 3574431262 3992793759
3 34 6 3980411898 726697579 3980411898 726697579
3 34 7 2269579288 1376738449 2269579288 1376738449
3 35 0 931869257 140761408 931869257 140761408
3 35 1 1460752924 350843285 1460752924 350843285
3 35 2 1003915881 2637440992 1003915881 2637440992
3 35 3 154500067 2813441490 154500067 2813441490
3 35 4 2530693140 2174673485 2530693140 2174673485
3 35 5 2012555984 2784132489 2012555984 2784132489
3 35 6 2591118142 3186914111 2591118142 3186914111
3 35 7 2395672602 586966923 2395672602 586966923
3 36 0 674173621 1212180059 323086849 1807669271
3 36 1 3233967722 2539541036 714593099 3713643152
3 36 2 2097644329 3615395370 1158016429 2404050495
3 36 3 1024697309 556167795 2185568085 1900264747
3 36 4 3678445280 3280633409 3459993397 4130709225
3 36 5 1402304386 1345197819 3057154309 172761772
3 36 6 2239457526 1052475650 3321655090 4212069103
3 36 7 1263802648 1174391256 2348505396 665183563
3 37 0 2170298474 1936058807 187257096 622818027
3 37 1 3723501811 1554050232 3219601650 3662499142
3 37 2 3198095730 1984302177 6096861 1218701827
3 37 3 1840602516 1234136512 1687531857 1803802286
3 37 4 2236098407 1992179110 4200994842 3294745218
3 37 5 1464894199 4021310941 2562211891 415355954
3 37 6 3934638797 470708745 3032446245 2309973204
3 37 7 1490315965 2050983450 604344452 3962258739
3 38 0 297816094 4209679470 797172090 1162505966
3 38 1 2606196285 2104865061 3464764888 1497604849
3 38 2 1215905690 1477037397 605663285 1334456439
3 38 3 1865780594 93353837 3782345228 521386912
3 38 4 304405411 3630530375 2467059278 2532491185
3 38 5 2398346293 2840828800 1380564328 4251015482
3 38 6 2996354949 1659775436 1814914435 1040268854
3 38 7 1895786847 1016577070 3699928441 1930984225
3 39 0 4157548494 1255081664 531518398 4209923823
3 39 1 2757667303 400088383 3718648191 2668197587
3 39 2 1925955978 2854459940 3305608158 816312908
3 39 3 2579583244 1262735594 4276673554 1977033320
3 39 4 2160359827 4126579292 2116841453 1220332921
3 39 5 3940899779 296493171 324636108 369813114
3 39 6 1059842517 1487514256 3200647484 3316066277
3 39 7 3583110053 3229676223 3227345245 2219616265
3 40 0 1376472324 3318452831 505379584 1650445174
3 40 1 1548158474 3632473931 2620950454 3100551435
3 40 2 3706639238 1986102001 2098187835 2006501470
3 40 3 3871581977 2261364475 3626521632 3236188738
3 40 4 2649109248 962507885 2577690080 2146700451
3 40 5 1921966333 2766903253 1947915156 832222835
3 40 6 1921821120 1408253291 4230065953 1546288887
3 40 7 509360829 1981586313 1292044340 21063156
3 41 0 294844565 2310961865 1492242490 647445539
3 41 1 1527171283 540882386 2813654994 2972403509
3 41 2 3818577991 2816290995 1529726319 2762459403
3 41 3 884130880 2027730664 3298260369 2091960967
3 41 4 1636160852 1945070685 2013084565 95519590
3 41 5 876330865 3436643098 35747887 1422574575
3 41 6 1712428436 3461458459 423997503 3512487886
3 41 7 273521585 4052725608 3484644778 1594357036
3 42 0 2153638465 3841292075 478541287 2592598013
3 42 1 3473331167 1460083596 2205537085 3116689103
3 42 2 4233306403 2131875042 100776691 1763129740
3 42 3 1366368620 3326761746 686480589 1494242375
3 42 4 4293759560 1718529216 3416199460 1636655049
3 42 5 3353192741 721538890 3303562554 1131316502
3 42 6 3497069832 2764503184 4066640324 503911130
3 42 7 824185061 206634712 2185183288 1698480042
3 43 0 2109769970 276514885 4170461790 229728216
3 43 1 2462151236 3742462446 1390617319 2984666490
3 43 2 2539353600 963694832 2411495671 2330423767
3 43 3 3796944903 88215699 3427407242 1185683940
3 43 4 1339689244 1503250070 349075486 1471943119
3 43 5 991017561 4164761353 3357419107 832088751
3 43 6 4118230748 3441713202 2477982281 3723236625
3 43 7 4062640153 707078837 1532182915 361097556
3 44 0 1836437206 3745103744 1836437206 3745103744
3 44 1 920454273 3556765211 920454273 3556765211
3 44 2 1371906382 4082185880 1371906382 4082185880
3 44 3 3801869378 4052420884 3801869378 4052420884
3 44 4 480287603 619425285 480287603 619425285
3 44 5 1241173017 1845818835 1241173017 1845818835
3 44 6 3473003017 508530691 3473003017 508530691
3 44 7 3288069447 2784816913 3288069447 2784816913
3 45 0 2187429959 1493535249 2187429959 1493535249
3 45 1 1411529070 3519532920 1411529070 3519532920
3 45 2 462715931 4079133197 462715931 4079133197
3 45 3 385025573 2334279463 385025573 2334279463
3 45 4 461319294 740642632 461319294 740642632
3 45 5 818287886 533757528 818287886 533757528
3 45 6 2746915600 3686673578 2746915600 3686673578
3 45 7 591887904 2403124730 591887904 2403124730
3 46 0 1459663927 2730518977 1459663927 2730518977
3 46 1 3614489360 3049213098 3614489360 3049213098
3 46 2 2288692823 3041577633 2288692823 3041577633
3 46 3 4021112859 2450675213 4021112859 2450675213
3 46 4 2363405582 3654295128 2363405582 3654295128
3 46 5 1193130868 2656276374 1193130868 2656276374
3 46 6 3393749316 3930974502 3393749316 3930974502
3 46 7 4013277946 3563663212 4013277946 3563663212
3 47 0 1191474695 1248978641 1191474695 1248978641
3 47 1 3293046894 477374072 3293046894 477374072
3 47 2 1572285799 3377820529 1572285799 3377820529
3 47 3 3087959793 1630993227 3087959793 1630993227
3 47 4 4252779678 1080522792 4252779678 1080522792
3 47 5 1633860910 2773900856 1633860910 2773900856
3 47 6 3090461460 961087478 3090461460 961087478
3 47 7 3281375588 440356742 3281375588 440356742
4 16 0 3033295893 2083566819 1269163463 594493863
4 16 1 628267940 3605434943 2169460843 3642326475
4 16 2 2783075477 1887459009 666883685 3064527877
4 16 3 1694109867 1378374410 800146402 2314588738
4 16 4 685848584 279854948 3415527212 1901084876
4 16 5 3441937935 3847890670 3729834302 1373766814
4 16 6 517320063 2840770529 2477784389 3249896101
4 16 7 3704310726 4012014289 687396917 2201839253
4 17 0 2407144087 3986273466 3383471122 1869028786
4 17 1 4144021012 3893897126 1412193030 681658022
4 17 2 272984875 503808232 1597149688 82707352
4 17 3 4286574491 668907355 1131501007 1764593903
4 17 4 2512162258 3960863708 1654507636 1445872212
4 17 5 3768519871 450559135 3337780619 1398880811
4 17 6 3482104361 3455918392 560297736 2074740072
4 17 7 2237500214 710271400 1533783352 19341016
4 18 0 2740419873 588288522 1088549829 2536734892
4 18 1 509313984 344127574 989928341 824211690
4 18 2 829226997 511820264 2865767496 3837696986
4 18 3 1234389771 258125723 1177386497 3774595968
4 18 4 2882690388 1554447603 154016527 3031600365
4 18 5 3226488395 560396649 532664937 1957910567
4 18 6 495934431 2544563175 415671404 2902477873
4 18 7 3915603622 3054367223 1139301704 3989963713
4 19 0 4288661911 902303051 3203236351 1044539939
4 19 1 572917616 1088631511 4110483826 1503089801
4 19 2 3637517495 852694969 1746373676 1121961037
4 19 3 1439220987 3267296274 4189500862 1828860953
4 19 4 1916783794 3064832130 952539448 318815227
4 19 5 199593019 4103083240 1904323642 1184526938
4 19 6 3766287045 3187790927 759447739 4212657709
4 19 7 2893162518 2634529670 3192062295 3532705988
4 20 0 1485802754 2246164855 1893802200 1272386633
4 20 1 425710891 1717178595 1187091816 3333435559
4 20 2 1476054818 1815612169 1424882881 462780403
4 20 3 2088516100 3715109716 1140276410 1099158548
4 20 4 3832994407 3888565999 913274020 2233250328
4 20 5 138540992 3977252633 3528197890 2423074890
4 20 6 3900817360 934331576 822292557 1884504014
4 20 7 4117656689 294275432 326512801 3020667582
4 21 0 1775417768 3922467227 135356069 2323043987
4 21 1 1698408283 1504369063 1007737496 1430031190
4 21 2 2859705412 3876538541 2848503154 2857882098
4 21 3 2966978164 1238056584 1450516906 916225153
4 21 4 1718349509 2542667715 3535299136 577929611
4 21 5 112265328 2752062093 4145520286 4186269114
4 21 6 3535577390 615121436 1098970121 21312223
4 21 7 3740504545 2446869900 2026449725 3220184750
4 22 0 307914150 1435981606 3119857694 3616467971
4 22 1 3229304063 854763146 3451372654 1575121930
4 22 2 402617570 1133534700 1772843309 3158812209
4 22 3 3970033924 2189519937 1595941990 36946282
4 22 4 2286542619 4144476983 1866339091 1740521890
4 22 5 3700866340 1543982081 1590209085 3533630000
4 22 6 4174583216 3327291200 3003061650 3107040410
4 22 7 2785974225 2738088240 3451271742 852499082
4 23 0 3804625800 196085330 2219473089 2932716332
4 23 1 3642542223 3556783542 124565950 530446982
4 23 2 226940488 3885216312 879167300 404819666
4 23 3 3018247988 3557876285 1463097590 772722960
4 23 4 3599867333 1507294699 3801451751 2380556895
4 23 5 263243284 3350897717 4185239457 722582080
4 23 6 1772324754 346449188 2441356406 513596577
4 23 7 3520153153 3165669332 2401443490 107841626
4 24 0 3222570180 95838374 3222570180 95838374
4 24 1 2255437301 4269964471 2255437301 4269964471
4 24 2 305296100 2855515398 305296100 2855515398
4 24 3 3253527682 1551274324 3253527682 1551274324
4 24 4 1159103842 2772112244 1159103842 2772112244
4 24 5 2994417761 1486503227 2994417761 1486503227
4 24 6 2520190305 404329019 2520190305 404329019
4 24 7 1319077980 1883874238 1319077980 1883874238
4 25 0 3436709397 2832628759 3436709397 2832628759
4 25 1 3740419022 2785768728 3740419022 2785768728
4 25 2 1335583789 3901910255 1335583789 3901910255
4 25 3 2004155565 500642159 2004155565 500642159
4 25 4 3829765672 2610871778 3829765672 2610871778
4 25 5 3604840341 2774661527 3604840341 2774661527
4 25 6 2394689927 1493579345 2394689927 1493579345
4 25 7 656450576 4221095338 656450576 4221095338
4 26 0 3979455839 1974235977 3979455839 1974235977
4 26 1 123696354 2707658484 123696354 2707658484
4 26 2 3828099191 3456303361 3828099191 3456303361
4 26 3 4000025645 1129075951 4000025645 1129075951
4 26 4 679696634 2654688620 679696634 2654688620
4 26 5 1367681977 1831141299 1367681977 1831141299
4 26 6 1807675029 1374949527 1807675029 1374949527
4 26 7 535121680 1429520554 535121680 1429520554
4 27 0 1352440569 1072756467 1352440569 1072756467
4 27 1 1299018614 3191773792 1299018614 3191773792
4 27 2 1232640501 2273147063 1232640501 2273147063
4 27 3 655233873 3824726763 655233873 3824726763
4 27 4 1701668076 1895850766 1701668076 1895850766
4 27 5 4014543629 3063350031 4014543629 3063350031
4 27 6 1395477887 1825429673 1395477887 1825429673
4 27 7 1535680244 3267880726 1535680244 3267880726
4 28 0 3724561365 258024017 1267245321 3555342686
4 28 1 315156913 507663644 2301203355 507663644
4 28 2 4111074627 2571202542 788074505 2571202542
4 28 3 477788686 1160338585 2927959822 1160338585
4 28 4 2297036440 2119286687 2422844226 3553425460
4 28 5 362271106 2771522989 3729043842 2771522989
4 28 6 3148174019 363875438 2372266121 363875438
4 28 7 43629075 438397598 3822428441 438397598
4 29 0 2840120473 2260933828 2164047724 2237398461
4 29 1 787051013 2550637736 1829931711 2550637736
4 29 2 1673882439 2830465090 352233725 2830465090
4 29 3 3143583074 156628813 1579144098 156628813
4 29 4 3428198836 1264407346 2070234329 3809096063
4 29 5 3818280398 592453809 23123918 592453809
4 29 6 3360731567 3105644346 1221413381 3105644346
4 29 7 294632447 3852213354 2759610709 3852213354
4 30 0 1272369687 2689163617 1272369687 2689163617
4 30 1 1012204978 2607170180 1012204978 2607170180
4 30 2 2112477279 3325027913 2112477279 3325027913
4 30 3 3282486093 3911253071 3282486093 3911253071
4 30 4 2781094202 3242279852 2781094202 3242279852
4 30 5 439797857 3642103099 439797857 3642103099
4 30 6 407972901 1087274279 407972901 1087274279
4 30 7 3194531848 2521561986 3194531848 2521561986
4 31 0 1099068945 1634110123 1099068945 1634110123
4 31 1 126527886 2523979480 126527886 2523979480
4 31 2 2142618885 1611498439 2142618885 1611498439
4 31 3 1189371737 3898392339 1189371737 3898392339
4 31 4 272582540 3735539822 272582540 3735539822
4 31 5 2917913421 4059794511 2917913421 4059794511
4 31 6 2017838343 229170641 2017838343 229170641
4 31 7 3813967428 386344486 3813967428 386344486
4 32 0 423395963 2736419146 423395963 2736419146
4 32 1 2317773494 3152177303 2317773494 3152177303
4 32 2 3961109855 4083511966 3961109855 4083511966
4 32 3 1184279565 608764260 1184279565 608764260
4 32 4 2166777934 4276070479 2166777934 4276070479
4 32 5 3807340965 186582844 3807340965 186582844
4 32 6 2231038533 3299849308 2231038533 3299849308
4 32 7 3185652856 2719177969 3185652856 2719177969
4 33 0 2344370576 1419387593 2344370576 1419387593
4 33 1 1745741087 1725135070 1745741087 1725135070
4 33 2 3793868980 942104685 3793868980 942104685
4 33 3 149905336 1171163569 149905336 1171163569
4 33 4 2612641053 2121414836 2612641053 2121414836
4 33 5 261096836 399532093 261096836 399532093
4 33 6 1913832110 3041646767 1913832110 3041646767
4 33 7 3187747061 2773164876 3187747061 2773164876
4 34 0 3749340330 1443231643 3749340330 1443231643
4 34 1 3418866567 2163234406 3418866567 2163234406
4 34 2 2898122326 1622602167 2898122326 1622602167
4 34 3 2659920884 2523513645 2659920884 2523513645
4 34 4 4094135087 3377181230 4094135087 3377181230
4 34 5 1795576124 1837160117 1795576124 1837160117
4 34 6 1328048324 1332644349 1328048324 1332644349
4 34 7 3720087889 2574952968 3720087889 2574952968
4 35 0 1105262632 1759443617 1105262632 1759443617
4 35 1 1656669667 453353426 1656669667 453353426
4 35 2 1770360304 3790902569 1770360304 3790902569
4 35 3 3240634216 3938030433 3240634216 3938030433
4 35 4 3767302325 532391564 3767302325 532391564
4 35 5 312228632 1313128337 312228632 1313128337
4 35 6 3284865354 3344598715 3284865354 3344598715
4 35 7 1861053733 1943651004 1861053733 1943651004
4 36 0 2857906294 3696856900 1119750015 3024996486
4 36 1 3084847507 617214723 3340813724 991241950
4 36 2 902864710 1350126081 2256381994 3467828828
4 36 3 1455971668 281140266 1505252847 1306165657
4 36 4 1533399283 3545757615 3775684568 788046159
4 36 5 4087969456 1768499508 3074293359 1257370219
4 36 6 2494074940 608507312 2494074940 608507312
4 36 7 2387993577 1329347057 917375094 574052954
4 37 0 1826359648 1827107429 1722178195 4220544967
4 37 1 2636072287 1835104934 357317359 2336619816
4 37 2 1490037484 1378368355 4163946497 913241430
4 37 3 2557661976 294049213 4233310069 3138790254
4 37 4 571472917 1317803356 3681507565 1609574021
4 37 5 1207597356 758284823 3873695890 1076628151
4 37 6 2467009438 3907405846 2467009438 3907405846
4 37 7 2539289053 3597325049 753159194 3672496889
4 38 0 1219488722 3684803192 1940790031 257270873
4 38 1 157416023 2501053679 2197062341 3262452868
4 38 2 3492661142 1897874432 3074775656 237912788
4 38 3 3771719212 3243591648 4191111281 1648546067
4 38 4 3651322383 3001100393 2998143222 1183055990
4 38 5 1753459892 2157341494 2841229784 50991145
4 38 6 2564945644 3954898624 2564945644 3954898624
4 38 7 3980782273 3635834277 255699634 3380333363
4 39 0 2762975512 990840602 3300903448 792446050
4 39 1 1104515947 3237928505 2823265845 3164609669
4 39 2 4092783936 3454658822 3362036398 132425948
4 39 3 3392459688 1246748323 2037917741 1064335235
4 39 4 3890558061 3315266310 3935709829 577869141
4 39 5 58846072 1123816297 2514164456 2559284418
4 39 6 2100670050 3493820562 2100670050 3493820562
4 39 7 2660928269 1360774477 1390714562 4177343479
4 40 0 2624779693 1625960732 870460732 2304284867
4 40 1 2369159456 2645999848 316819644 3103650711
4 40 2 3473513213 995474640 3473513213 995474640
4 40 3 1716567887 3689865438 1716567887 3689865438
4 40 4 1736980848 1145194137 2229516658 2957728719
4 40 5 1912572635 41564421 2367373991 461113370
4 40 6 1191680151 2908421782 1191680151 2908421782
4 40 7 1672366458 234286083 1672366458 234286083
4 41 0 1080720188 2671745684 1650789000 708130427
4 41 1 3148547931 2064378336 3189457251 1372880846
4 41 2 3414794564 1317283041 3414794564 1317283041
4 41 3 4030715000 2360135261 4030715000 2360135261
4 41 4 921875841 44575471 160380670 3110287640
4 41 5 3944983992 2988083938 2082264810 465510101
4 41 6 1192355638 1926090807 1192355638 1926090807
4 41 7 956780269 3808184736 956780269 3808184736
4 42 0 2519328018 3804402267 298585586 3051826274
4 42 1 1737924067 2869458007 1192057207 1853532106
4 42 2 2541972418 2166343195 2541972418 2166343195
4 42 3 3312532516 525035713 3312532516 525035713
4 42 4 1345608655 2204630408 2138767727 2958171102
4 42 5 1035256080 3686775414 3618885884 2179746391
4 42 6 1931769816 2568027965 1931769816 2568027965
4 42 7 3536249465 2644791396 3536249465 2644791396
4 43 0 1335417248 1971943289 2849519000 1008495906
4 43 1 3513352203 1897605453 1405207353 4060574660
4 43 2 1366844636 501543305 1366844636 501543305
4 43 3 173420340 4227116273 173420340 4227116273
4 43 4 4154956485 252676970 3254403001 2477477037
4 43 5 2651588632 2660149804 3737387242 1740815573
4 43 6 2477113758 124121647 2477113758 124121647
4 43 7 1420659209 1024232532 1420659209 1024232532
4 44 0 3794322069 3431777431 3794322069 3431777431
4 44 1 3339813412 1846932806 3339813412 1846932806
4 44 2 1447821137 4015111915 1447821137 4015111915
4 44 3 2956397167 2035080473 2956397167 2035080473
4 44 4 1611428144 3223262730 1611428144 3223262730
4 44 5 659775191 1918035745 659775191 1918035745
4 44 6 527021891 3480675349 527021891 3480675349
4 44 7 1145052386 2728001268 1145052386 2728001268
4 45 0 2948308179 3012601765 2948308179 3012601765
4 45 1 2312055604 3446970198 2312055604 3446970198
4 45 2 4135451147 3347203133 4135451147 3347203133
4 45 3 2314159991 995313665 2314159991 995313665
4 45 4 2368823270 2809752912 2368823270 2809752912
4 45 5 1543896231 2708830129 1543896231 2708830129
4 45 6 424360433 1983493707 424360433 1983493707
4 45 7 3864115530 1821284028 3864115530 1821284028
4 46 0 1670821461 1896520535 1670821461 1896520535
4 46 1 3593504524 353117166 3593504524 353117166
4 46 2 1590253173 2872295735 1590253173 2872295735
4 46 3 3945935243 713215933 3945935243 713215933
4 46 4 3312112416 2353582842 3312112416 2353582842
4 46 5 754969743 3148091001 754969743 3148091001
4 46 6 3959493927 3399466033 3959493927 3399466033
4 46 7 2365782542 2404883288 2365782542 2404883288
4 47 0 2527290959 569817145 2527290959 569817145
4 47 1 1580707060 3658532118 1580707060 3658532118
4 47 2 4119466483 3566837893 4119466483 3566837893
4 47 3 2950474651 3907544461 2950474651 3907544461
4 47 4 2256913426 1418110884 2256913426 1418110884
4 47 5 2429832855 3509479905 2429832855 3509479905
4 47 6 2222881673 2547170691 2222881673 2547170691
4 47 7 3251519006 1045132712 3251519006 1045132712
5 16 0 301810696 2246723397 150365073 1664807409
5 16 1 3672371895 3720856713 2665171197 2032078301
5 16 2 2848821844 1548702087 324817859 1839260195
5 16 3 3025318412 1906242788 2990722220 1476279884
5 16 4 21700617 4112860419 4043868967 423571271
5 16 5 4290166944 2937951833 4045857805 383983405
5 16 6 253601038 1115912646 3216959974 436435014
5 16 7 2938634333 279117313 2264782373 1492670661
5 17 0 4101771704 258293556 448923772 1123593372
5 17 1 529447557 2316779256 3997770056 1217245096
5 17 2 3855312380 2027101510 4099503462 1318978502
5 17 3 3477699882 155863773 324924825 3945222521
5 17 4 2910256313 189961642 852897730 3633422690
5 17 5 522609490 955825712 2092150768 3467574288
5 17 6 1144168246 3527103799 1308656243 1100020819
5 17 7 3278305091 2912628295 2741413379 3513525091
5 18 0 3915061552 756448216 3120808441 3023776511
5 18 1 3234494723 1566548092 35081470 2117403066
5 18 2 1900752616 1771677354 3109739688 1372374118
5 18 3 3636529948 983121889 2186886708 3523287811
5 18 4 1044525729 177967434 510621781 3425836109
5 18 5 1989676396 1815748560 3666547995 2958613218
5 18 6 1130723058 796469847 3874885786 4207433685
5 18 7 3452239485 920240423 402031662 928828378
5 19 0 92632440 3623599409 298768662 3033466875
5 19 1 2809751853 1829519109 317561094 177883890
5 19 2 1563742488 2604597939 2905163395 1649327606
5 19 3 2611287838 1857390784 1397798942 1484257771
5 19 4 3773614409 678801187 3024330238 1570530112
5 19 5 202187338 3637418105 2364881244 3682928826
5 19 6 1177395426 1140035174 2520678025 2054783688
5 19 7 1710042551 72775734 1208910845 2525032920
5 20 0 751819298 1878511529 1770583740 3402089879
5 20 1 3097018697 1029976405 4145761991 2398145581
5 20 2 166534474 3278037399 107978917 3990470869
5 20 3 353743606 830258494 2624575311 2852448611
5 20 4 1683515675 1669988404 250227766 724224952
5 20 5 373322486 319214534 1896232256 1790112579
5 20 6 4289365224 1182467387 2286302199 3770237038
5 20 7 1645422847 1493595915 3204458875 3912621509
5 21 0 2473949650 724496125 2127663372 1072928196
5 21 1 1100093127 1877875801 1538984412 1722509610
5 21 2 2493528530 1102166059 951868149 2564730410
5 21 3 4226277972 2288166482 367081934 1039314749
5 21 4 3960789963 549880120 4223300642 1029442536
5 21 5 689036336 3190596458 3187112476 2159582938
5 21 6 2506278144 3814155247 2769397459 3461739678
5 21 7 3127855941 1610892863 3494207591 3254570574
5 22 0 450975766 4270437712 289475941 697354564
5 22 1 4132885929 2427451156 4221182444 4205762806
5 22 2 1256469122 2884971386 51221638 463484331
5 22 3 2574277842 2474242467 352706526 3561743816
5 22 4 2545343983 444584423 1961154581 590736759
5 22 5 1569171158 1629431086 1138167107 2386734346
5 22 6 1084323312 1721418019 2849161996 392273071
5 22 7 3702532331 3566039667 1013222808 1335222142
5 23 0 2884492974 1778954524 3759315893 82647722
5 23 1 929658123 4176209248 821249701 1439904116
5 23 2 849179314 865318310 2257929750 2451045647
5 23 3 1999746732 277554783 2318184797 754679536
5 23 4 1100825175 831756635 3612697625 201720711
5 23 5 4029298164 3064649509 1530721079 940152849
5 23 6 4159759840 767268535 1261450224 4165379487
5 23 7 1828141261 1308175175 1498676956 1501867247
5 24 0 2385549748 1010126228 2385549748 1010126228
5 24 1 1533986143 2208655743 1533986143 2208655743
5 24 2 3930708412 268834012 3930708412 268834012
5 24 3 1362283424 1153648000 1362283424 1153648000
5 24 4 829962733 621327309 829962733 621327309
5 24 5 886450208 677814784 886450208 677814784
5 24 6 3001845054 645777566 3001845054 645777566
5 24 7 3754272905 3121180009 3754272905 3121180009
5 25 0 4142372132 1786304644 4142372132 1786304644
5 25 1 2634085537 1119643201 2634085537 1119643201
5 25 2 2614571716 1141706084 2614571716 1141706084
5 25 3 3770608530 2256166194 3770608530 2256166194
5 25 4 174550749 807643645 174550749 807643645
5 25 5 2937277382 1422835046 2937277382 1422835046
5 25 6 2397134422 41066934 2397134422 41066934
5 25 7 2111253395 3528253619 2111253395 3528253619
5 26 0 1177965136 969329712 1177965136 969329712
5 26 1 2973549855 54006079 2973549855 54006079
5 26 2 458611476 1834034996 458611476 1834034996
5 26 3 716696132 3538797796 716696132 3538797796
5 26 4 884282121 251189225 884282121 251189225
5 26 5 3594310400 3802945824 3594310400 3802945824
5 26 6 3484833286 2754298278 3484833286 2754298278
5 26 7 48522749 3710397149 48522749 3710397149
5 27 0 668532712 3449057672 668532712 3449057672
5 27 1 3918027949 3284935053 3918027949 3284935053
5 27 2 247694724 2603762212 247694724 2603762212
5 27 3 456635978 1929501610 456635978 1929501610
5 27 4 182048081 1654913713 182048081 1654913713
5 27 5 3370202546 589677586 3370202546 589677586
5 27 6 2701025334 762125526 2701025334 762125526
5 27 7 2630835963 1116393627 2630835963 1116393627
5 28 0 3938893036 2466027404 3938893036 2466027404
5 28 1 2896070295 1381627959 2896070295 1381627959
5 28 2 918895812 3740997476 918895812 3740997476
5 28 3 2923062239 3597731839 2923062239 3597731839
5 28 4 1770813086 4126880574 1770813086 4126880574
5 28 5 1155730483 4033697555 1155730483 4033697555
5 28 6 4151489617 1329387953 4151489617 1329387953
5 28 7 316901902 3839757486 316901902 3839757486
5 29 0 726198219 3548299883 726198219 3548299883
5 29 1 1308997482 4089522442 1308997482 4089522442
5 29 2 1636845455 3012268975 1636845455 3012268975
5 29 3 2364186061 2572821485 2364186061 2572821485
5 29 4 2522827386 3294939098 2522827386 3294939098
5 29 5 937782629 3335426821 937782629 3335426821
5 29 6 1831481829 4229126021 1831481829 4229126021
5 29 7 2895087076 72985412 2895087076 72985412
5 30 0 1892057383 2566726983 1892057383 2566726983
5 30 1 3020281568 2387188672 3020281568 2387188672
5 30 2 2265279247 3640702767 2265279247 3640702767
5 30 3 168404559 801497455 168404559 801497455
5 30 4 2545268294 1030825958 2545268294 1030825958
5 30 5 3987808511 3313138911 3987808511 3313138911
5 30 6 3334874341 1437551237 3334874341 1437551237
5 30 7 2605747294 1833635582 2605747294 1833635582
5 31 0 2363243291 3877685627 2363243291 3877685627
5 31 1 967319874 3747844834 967319874 3747844834
5 31 2 4286837099 1464735435 4286837099 1464735435
5 31 3 2699044929 4213487265 2699044929 4213487265
5 31 4 3453397994 1938955658 3453397994 1938955658
5 31 5 2351703981 1718611085 2351703981 1718611085
5 31 6 2488573425 974131089 2488573425 974131089
5 31 7 207841992 1722284328 207841992 1722284328
5 32 0 326342771 2363348944 326342771 2363348944
5 32 1 1321246184 556389055 1321246184 556389055
5 32 2 1431175183 67142340 1431175183 67142340
5 32 3 1287053955 2155759008 1287053955 2155759008
5 32 4 1900231874 2286675233 1900231874 2286675233
5 32 5 2737594983 2353643228 2737594983 2353643228
5 32 6 295258533 2693029986 295258533 2693029986
5 32 7 37833458 3087896657 37833458 3087896657
5 33 0 2208975663 2113074276 2208975663 2113074276
5 33 1 591590430 2104321365 591590430 2104321365
5 33 2 336037107 1550737488 336037107 1550737488
5 33 3 3149739009 3856748534 3149739009 3856748534
5 33 4 955227406 2185849221 955227406 2185849221
5 33 5 638390873 1201599566 638390873 1201599566
5 33 6 3263314841 3723659278 3263314841 3723659278
5 33 7 2179303368 3136261919 2179303368 3136261919
5 34 0 1260687467 3274938664 1260687467 3274938664
5 34 1 2363123124 1031285203 2363123124 1031285203
5 34 2 3393227667 989178608 3393227667 989178608
5 34 3 21143795 1861262416 21143795 1861262416
5 34 4 3247727722 1495679977 3247727722 1495679977
5 34 5 1406769443 1705946304 1406769443 1705946304
5 34 6 3891748633 463638414 3891748633 463638414
5 34 7 581162178 3118972193 581162178 3118972193
5 35 0 2784086623 304032788 2784086623 304032788
5 35 1 2413519222 1424102189 2413519222 1424102189
5 35 2 556435791 537811844 556435791 537811844
5 35 3 3679676165 20168002 3679676165 20168002
5 35 4 828029374 953991413 828029374 953991413
5 35 5 2096910177 115528918 2096910177 115528918
5 35 6 2281669333 2614977234 2281669333 2614977234
5 35 7 2314247596 4103617035 2314247596 4103617035
5 36 0 2601563995 653241371 229074451 4123591459
5 36 1 290031696 1261169332 1763771608 25767248
5 36 2 1995966447 2713272094 2246896130 2557161608
5 36 3 896075883 3896736913 90972780 3966925572
5 36 4 2230726482 2298291732 1231273962 2840484473
5 36 5 1974207831 3272246955 1806355091 1997450065
5 36 6 2870875901 4010548523 2870875901 4010548523
5 36 7 2793643906 3999978422 2522489657 1787973590
5 37 0 2523665414 3266330070 3852666150 852745658
5 37 1 2507006975 1753562117 3601577639 3098161104
5 37 2 1545239606 3996158812 941517037 3955105773
5 37 3 1449870660 3994883477 3020753188 2055159160
5 37 4 2498399383 3081983447 3644561579 1628633792
5 37 5 1253281504 1134184040 3313763985 665911111
5 37 6 2569866604 842793850 2569866604 842793850
5 37 7 4056484493 614890978 1112940457 728590225
5 38 0 1811837118 1157609468 4229783284 191091628
5 38 1 2473181101 140096683 2842687334 1152333347
5 38 2 3093866650 891313907 1832018460 1925659922
5 38 3 4211748918 3207590512 2533253017 2506927834
5 38 4 1576524767 990315117 3054526361 1346336506
5 38 5 4075810290 703094285 1099736346 3876019556
5 38 6 2698638752 682539198 2698638752 682539198
5 38 7 2252513127 1075654702 305888850 2819505996
5 39 0 2750252666 2758095293 4289001129 2119115821
5 39 1 2788855763 185898702 2461025138 1834472247
5 39 2 4173293734 3385361725 282412843 311559568
5 39 3 4003846116 3874981515 2728470295 4079180315
5 39 4 2390482379 809679058 1347546744 4113050611
5 39 5 3278813092 3925480305 3996713362 3990395540
5 39 6 178008860 2897354826 178008860 2897354826
5 39 7 3139259069 1661166586 2029009072 3273480949
5 40 0 273567053 701356217 780660552 2361376869
5 40 1 123408098 86783189 2367571272 3856489003
5 40 2 3679589853 2280247970 3679589853 2280247970
5 40 3 617617397 2796237834 617617397 2796237834
5 40 4 1448419180 3081305806 1219882244 4173166323
5 40 5 3361698533 3275161760 383140155 534580486
5 40 6 1728374343 3583273768 1728374343 3583273768
5 40 7 1850011796 3979689723 1850011796 3979689723
5 41 0 3731148777 3943532326 3015079709 4138036635
5 41 1 1293935184 1877032682 3091849437 2825387424
5 41 2 3611636921 32172478 3611636921 32172478
5 41 3 4195024587 99407148 4195024587 99407148
5 41 4 1150803800 3606133183 939365210 3568922324
5 41 5 2753892487 1125467257 551711600 564654931
5 41 6 4198717139 513847012 4198717139 513847012
5 41 7 4287292546 4074614317 4287292546 4074614317
5 42 0 3396057057 2641380913 958815743 137446465
5 42 1 3019415026 3376682516 3192771974 1571109769
5 42 2 448380525 3344587730 448380525 3344587730
5 42 3 3062056217 885403294 3062056217 885403294
5 42 4 3840601632 2154909896 2615721872 2594544126
5 42 5 2436466837 420035318 3539128181 1704464504
5 42 6 67438695 1894296008 67438695 1894296008
5 42 7 251343368 926184815 251343368 926184815
5 43 0 1813738989 2219254791 2772712697 715823414
5 43 1 971821780 924840947 3357010362 788331717
5 43 2 3665760521 1605761262 3665760521 1605761262
5 43 3 857588507 2574867612 857588507 2574867612
5 43 4 3295493100 599982273 871104272 1589038141
5 43 5 1145632299 1022586023 1510163418 3400009765
5 43 6 1938359875 2534234932 1938359875 2534234932
5 43 7 1854076578 3613241933 1854076578 3613241933
5 44 0 4118180822 1762113334 4118180822 1762113334
5 44 1 1121840881 3902365841 1121840881 3902365841
5 44 2 3122150486 766082998 3122150486 766082998
5 44 3 4264685342 2325785534 4264685342 2325785534
5 44 4 1790078367 3165501887 1790078367 3165501887
5 44 5 2697368302 4170233934 2697368302 4170233934
5 44 6 3949239892 4157875316 3949239892 4157875316
5 44 7 1439353639 2114023239 1439353639 2114023239
5 45 0 1349746201 675076601 1349746201 675076601
5 45 1 2973106460 2298436860 2973106460 2298436860
5 45 2 997906853 225795141 997906853 225795141
5 45 3 3576647763 3785283187 3576647763 3785283187
5 45 4 319887360 528522784 319887360 528522784
5 45 5 2039165275 3978065083 2039165275 3978065083
5 45 6 1247928263 573258663 1247928263 573258663
5 45 7 3718554130 2204111794 3718554130 2204111794
5 46 0 1272957393 2745823025 1272957393 2745823025
5 46 1 2962560834 1448118498 2962560834 1448118498
5 46 2 4168083561 506209161 4168083561 506209161
5 46 3 1853825381 4251469573 1853825381 4251469573
5 46 4 1860535560 3374977896 1860535560 3374977896
5 46 5 872272285 1122484413 872272285 1122484413
5 46 6 3700145371 1344077883 3700145371 1344077883
5 46 7 2295573772 3768439404 2295573772 3768439404
5 47 0 3749859553 2553290369 3749859553 2553290369
5 47 1 671241252 2610141060 671241252 2610141060
5 47 2 591236089 1265905689 591236089 1265905689
5 47 3 3883907127 1103382167 3883907127 1103382167
5 47 4 3468665128 1954222792 3468665128 1954222792
5 47 5 3542660979 3334025555 3542660979 3334025555
5 47 6 2544140971 188073483 2544140971 188073483
5 47 7 717602534 2232044870 717602534 2232044870
